x=[ 4.000000, 6.000000,  7.000000, 8.000000, 10.000000,];
generalization=[ 0.004903, 0.001908,  0.000213, 0.000052,  0.002174];
performance=[0.003911, 0.000900,  0.000132, 0.000041, 0.000353];
